-92559631349317831000000000000000000000000000000000000000000000.000000 -92559631349317831000000000000000000000000000000000000000000000.000000 1
-92559631349317831000000000000000000000000000000000000000000000.000000 -92559631349317831000000000000000000000000000000000000000000000.000000 1
-92559631349317831000000000000000000000000000000000000000000000.000000 -92559631349317831000000000000000000000000000000000000000000000.000000 1
-92559631349317831000000000000000000000000000000000000000000000.000000 -92559631349317831000000000000000000000000000000000000000000000.000000 1
-92559631349317831000000000000000000000000000000000000000000000.000000 -92559631349317831000000000000000000000000000000000000000000000.000000 1
-92559631349317831000000000000000000000000000000000000000000000.000000 -92559631349317831000000000000000000000000000000000000000000000.000000 1
-92559631349317831000000000000000000000000000000000000000000000.000000 -92559631349317831000000000000000000000000000000000000000000000.000000 1
-92559631349317831000000000000000000000000000000000000000000000.000000 -92559631349317831000000000000000000000000000000000000000000000.000000 1
-92559631349317831000000000000000000000000000000000000000000000.000000 -92559631349317831000000000000000000000000000000000000000000000.000000 1
-92559631349317831000000000000000000000000000000000000000000000.000000 -92559631349317831000000000000000000000000000000000000000000000.000000 1
-92559631349317831000000000000000000000000000000000000000000000.000000 -92559631349317831000000000000000000000000000000000000000000000.000000 1
-92559631349317831000000000000000000000000000000000000000000000.000000 -92559631349317831000000000000000000000000000000000000000000000.000000 1
-92559631349317831000000000000000000000000000000000000000000000.000000 -92559631349317831000000000000000000000000000000000000000000000.000000 1
-92559631349317831000000000000000000000000000000000000000000000.000000 -92559631349317831000000000000000000000000000000000000000000000.000000 1
-92559631349317831000000000000000000000000000000000000000000000.000000 -92559631349317831000000000000000000000000000000000000000000000.000000 1
-92559631349317831000000000000000000000000000000000000000000000.000000 -92559631349317831000000000000000000000000000000000000000000000.000000 1
-92559631349317831000000000000000000000000000000000000000000000.000000 -92559631349317831000000000000000000000000000000000000000000000.000000 1
-92559631349317831000000000000000000000000000000000000000000000.000000 -92559631349317831000000000000000000000000000000000000000000000.000000 1
-92559631349317831000000000000000000000000000000000000000000000.000000 -92559631349317831000000000000000000000000000000000000000000000.000000 1
-92559631349317831000000000000000000000000000000000000000000000.000000 -92559631349317831000000000000000000000000000000000000000000000.000000 1
-92559631349317831000000000000000000000000000000000000000000000.000000 -92559631349317831000000000000000000000000000000000000000000000.000000 1
-92559631349317831000000000000000000000000000000000000000000000.000000 -92559631349317831000000000000000000000000000000000000000000000.000000 1
-92559631349317831000000000000000000000000000000000000000000000.000000 -92559631349317831000000000000000000000000000000000000000000000.000000 1
-92559631349317831000000000000000000000000000000000000000000000.000000 -92559631349317831000000000000000000000000000000000000000000000.000000 1
-92559631349317831000000000000000000000000000000000000000000000.000000 -92559631349317831000000000000000000000000000000000000000000000.000000 1
-92559631349317831000000000000000000000000000000000000000000000.000000 -92559631349317831000000000000000000000000000000000000000000000.000000 1
-92559631349317831000000000000000000000000000000000000000000000.000000 -92559631349317831000000000000000000000000000000000000000000000.000000 1
-92559631349317831000000000000000000000000000000000000000000000.000000 -92559631349317831000000000000000000000000000000000000000000000.000000 1
-92559631349317831000000000000000000000000000000000000000000000.000000 -92559631349317831000000000000000000000000000000000000000000000.000000 1
-92559631349317831000000000000000000000000000000000000000000000.000000 -92559631349317831000000000000000000000000000000000000000000000.000000 1
-92559631349317831000000000000000000000000000000000000000000000.000000 -92559631349317831000000000000000000000000000000000000000000000.000000 1
-92559631349317831000000000000000000000000000000000000000000000.000000 -92559631349317831000000000000000000000000000000000000000000000.000000 1
-92559631349317831000000000000000000000000000000000000000000000.000000 -92559631349317831000000000000000000000000000000000000000000000.000000 1
-92559631349317831000000000000000000000000000000000000000000000.000000 -92559631349317831000000000000000000000000000000000000000000000.000000 1
-92559631349317831000000000000000000000000000000000000000000000.000000 -92559631349317831000000000000000000000000000000000000000000000.000000 1
-92559631349317831000000000000000000000000000000000000000000000.000000 -92559631349317831000000000000000000000000000000000000000000000.000000 1
-92559631349317831000000000000000000000000000000000000000000000.000000 -92559631349317831000000000000000000000000000000000000000000000.000000 1
-92559631349317831000000000000000000000000000000000000000000000.000000 -92559631349317831000000000000000000000000000000000000000000000.000000 1
-92559631349317831000000000000000000000000000000000000000000000.000000 -92559631349317831000000000000000000000000000000000000000000000.000000 1
-92559631349317831000000000000000000000000000000000000000000000.000000 -92559631349317831000000000000000000000000000000000000000000000.000000 1
-92559631349317831000000000000000000000000000000000000000000000.000000 -92559631349317831000000000000000000000000000000000000000000000.000000 1
-92559631349317831000000000000000000000000000000000000000000000.000000 -92559631349317831000000000000000000000000000000000000000000000.000000 1
-92559631349317831000000000000000000000000000000000000000000000.000000 -92559631349317831000000000000000000000000000000000000000000000.000000 1
-92559631349317831000000000000000000000000000000000000000000000.000000 -92559631349317831000000000000000000000000000000000000000000000.000000 1
-92559631349317831000000000000000000000000000000000000000000000.000000 -92559631349317831000000000000000000000000000000000000000000000.000000 1
-92559631349317831000000000000000000000000000000000000000000000.000000 -92559631349317831000000000000000000000000000000000000000000000.000000 1
-92559631349317831000000000000000000000000000000000000000000000.000000 -92559631349317831000000000000000000000000000000000000000000000.000000 1
-92559631349317831000000000000000000000000000000000000000000000.000000 -92559631349317831000000000000000000000000000000000000000000000.000000 1
-92559631349317831000000000000000000000000000000000000000000000.000000 -92559631349317831000000000000000000000000000000000000000000000.000000 1
-92559631349317831000000000000000000000000000000000000000000000.000000 -92559631349317831000000000000000000000000000000000000000000000.000000 1
-92559631349317831000000000000000000000000000000000000000000000.000000 -92559631349317831000000000000000000000000000000000000000000000.000000 1
-92559631349317831000000000000000000000000000000000000000000000.000000 -92559631349317831000000000000000000000000000000000000000000000.000000 1
-92559631349317831000000000000000000000000000000000000000000000.000000 -92559631349317831000000000000000000000000000000000000000000000.000000 1
-92559631349317831000000000000000000000000000000000000000000000.000000 -92559631349317831000000000000000000000000000000000000000000000.000000 1
-92559631349317831000000000000000000000000000000000000000000000.000000 -92559631349317831000000000000000000000000000000000000000000000.000000 1
-92559631349317831000000000000000000000000000000000000000000000.000000 -92559631349317831000000000000000000000000000000000000000000000.000000 1
-92559631349317831000000000000000000000000000000000000000000000.000000 -92559631349317831000000000000000000000000000000000000000000000.000000 1
-92559631349317831000000000000000000000000000000000000000000000.000000 -92559631349317831000000000000000000000000000000000000000000000.000000 1
-92559631349317831000000000000000000000000000000000000000000000.000000 -92559631349317831000000000000000000000000000000000000000000000.000000 1
-92559631349317831000000000000000000000000000000000000000000000.000000 -92559631349317831000000000000000000000000000000000000000000000.000000 1
-92559631349317831000000000000000000000000000000000000000000000.000000 -92559631349317831000000000000000000000000000000000000000000000.000000 1
-92559631349317831000000000000000000000000000000000000000000000.000000 -92559631349317831000000000000000000000000000000000000000000000.000000 1
-92559631349317831000000000000000000000000000000000000000000000.000000 -92559631349317831000000000000000000000000000000000000000000000.000000 1
-92559631349317831000000000000000000000000000000000000000000000.000000 -92559631349317831000000000000000000000000000000000000000000000.000000 1
-92559631349317831000000000000000000000000000000000000000000000.000000 -92559631349317831000000000000000000000000000000000000000000000.000000 1
-92559631349317831000000000000000000000000000000000000000000000.000000 -92559631349317831000000000000000000000000000000000000000000000.000000 1
-92559631349317831000000000000000000000000000000000000000000000.000000 -92559631349317831000000000000000000000000000000000000000000000.000000 1
-92559631349317831000000000000000000000000000000000000000000000.000000 -92559631349317831000000000000000000000000000000000000000000000.000000 1
-92559631349317831000000000000000000000000000000000000000000000.000000 -92559631349317831000000000000000000000000000000000000000000000.000000 1
-92559631349317831000000000000000000000000000000000000000000000.000000 -92559631349317831000000000000000000000000000000000000000000000.000000 1
-92559631349317831000000000000000000000000000000000000000000000.000000 -92559631349317831000000000000000000000000000000000000000000000.000000 1
-92559631349317831000000000000000000000000000000000000000000000.000000 -92559631349317831000000000000000000000000000000000000000000000.000000 1
-92559631349317831000000000000000000000000000000000000000000000.000000 -92559631349317831000000000000000000000000000000000000000000000.000000 1
-92559631349317831000000000000000000000000000000000000000000000.000000 -92559631349317831000000000000000000000000000000000000000000000.000000 1
-92559631349317831000000000000000000000000000000000000000000000.000000 -92559631349317831000000000000000000000000000000000000000000000.000000 1
-92559631349317831000000000000000000000000000000000000000000000.000000 -92559631349317831000000000000000000000000000000000000000000000.000000 1
-92559631349317831000000000000000000000000000000000000000000000.000000 -92559631349317831000000000000000000000000000000000000000000000.000000 1
-92559631349317831000000000000000000000000000000000000000000000.000000 -92559631349317831000000000000000000000000000000000000000000000.000000 1
-92559631349317831000000000000000000000000000000000000000000000.000000 -92559631349317831000000000000000000000000000000000000000000000.000000 1
-92559631349317831000000000000000000000000000000000000000000000.000000 -92559631349317831000000000000000000000000000000000000000000000.000000 1
-92559631349317831000000000000000000000000000000000000000000000.000000 -92559631349317831000000000000000000000000000000000000000000000.000000 1
-92559631349317831000000000000000000000000000000000000000000000.000000 -92559631349317831000000000000000000000000000000000000000000000.000000 1
-92559631349317831000000000000000000000000000000000000000000000.000000 -92559631349317831000000000000000000000000000000000000000000000.000000 1
-92559631349317831000000000000000000000000000000000000000000000.000000 -92559631349317831000000000000000000000000000000000000000000000.000000 1
-92559631349317831000000000000000000000000000000000000000000000.000000 -92559631349317831000000000000000000000000000000000000000000000.000000 1
-92559631349317831000000000000000000000000000000000000000000000.000000 -92559631349317831000000000000000000000000000000000000000000000.000000 1
-92559631349317831000000000000000000000000000000000000000000000.000000 -92559631349317831000000000000000000000000000000000000000000000.000000 1
-92559631349317831000000000000000000000000000000000000000000000.000000 -92559631349317831000000000000000000000000000000000000000000000.000000 1
-92559631349317831000000000000000000000000000000000000000000000.000000 -92559631349317831000000000000000000000000000000000000000000000.000000 1
-92559631349317831000000000000000000000000000000000000000000000.000000 -92559631349317831000000000000000000000000000000000000000000000.000000 1
-92559631349317831000000000000000000000000000000000000000000000.000000 -92559631349317831000000000000000000000000000000000000000000000.000000 1
-92559631349317831000000000000000000000000000000000000000000000.000000 -92559631349317831000000000000000000000000000000000000000000000.000000 1
-92559631349317831000000000000000000000000000000000000000000000.000000 -92559631349317831000000000000000000000000000000000000000000000.000000 1
-92559631349317831000000000000000000000000000000000000000000000.000000 -92559631349317831000000000000000000000000000000000000000000000.000000 1
-92559631349317831000000000000000000000000000000000000000000000.000000 -92559631349317831000000000000000000000000000000000000000000000.000000 1
-92559631349317831000000000000000000000000000000000000000000000.000000 -92559631349317831000000000000000000000000000000000000000000000.000000 1
-92559631349317831000000000000000000000000000000000000000000000.000000 -92559631349317831000000000000000000000000000000000000000000000.000000 1
-92559631349317831000000000000000000000000000000000000000000000.000000 -92559631349317831000000000000000000000000000000000000000000000.000000 1
