21.799442	-74.079926	139
24.734444	-73.135193	140
27.712473	-72.057442	141
30.500151	-70.872742	142
33.331707	-69.570236	143
36.136997	-68.133987	144
38.827728	-66.628098	145
41.376801	-65.027435	146
43.910053	-63.338341	147
46.296429	-61.584042	148
48.649452	-59.771294	149
50.92968	-57.781124	150
53.104111	-55.770851	151
55.219135	-53.671757	152
57.242928	-51.501373	153
59.216911	-49.211262	154
61.07629	-46.878456	155
62.900776	-44.382393	156
64.644119	-41.908302	157
66.190605	-39.340267	158
67.708931	-36.696072	159
69.112816	-33.955963	160
70.423309	-31.207157	161
71.632172	-28.35623	162
72.7248	-25.473963	163
73.71727	-22.537584	164
74.571899	-19.548119	165
75.299553	-16.600294	166
75.921898	-13.606655	167
76.4188	-10.602321	168
76.8153	-7.611884	169
77.072784	-4.547131	170
77.231667	-1.570249	171
77.26532	1.445585	172
77.192398	4.585303	173
76.978775	7.584636	174
76.656189	10.67085	175
76.21627	13.767314	176
75.674728	16.74696	177
74.952156	19.801657	178
74.145309	22.775505	179
73.289787	25.68585	180
72.194008	28.639462	181
71.060188	31.428028	182
69.839493	34.199535	183
68.46344	36.926086	184
67.048988	39.608559	185
65.443283	42.26347	186
63.775326	44.84922	187
62.026665	47.333675	188
60.078487	49.783428	189
58.192429	52.066883	190
56.092552	54.376724	191
53.933533	56.559242	192
51.721298	58.679996	193
49.376686	60.741547	194
46.939823	62.670456	195
44.488636	64.500275	196
41.8923	66.273254	197
39.299904	67.885818	198
36.635563	69.370438	199
33.868057	70.838341	200
31.139315	72.122414	201
28.277954	73.31591	202
25.406506	74.395721	203
22.455627	75.392029	204
19.428631	76.261658	205
16.453766	76.962105	206
13.435639	77.601357	207
10.32148	78.097847	208
7.260008	78.471504	209
4.217788	78.726585	210
1.100138	78.805542	211
-1.89954	78.854317	212
-5.021236	78.72934	213
-8.076517	78.466492	214
-11.152772	78.132843	215
-14.162389	77.642403	216
-17.164282	77.056946	217
-20.169851	76.322968	218
-23.073288	75.462021	219
-26.042757	74.550827	220
-28.941166	73.501999	221
-31.735859	72.294182	222
-34.575581	71.008591	223
-37.359219	69.571144	224
-40.029423	68.100334	225
-42.662262	66.457573	226
-45.225315	64.744621	227
-47.694641	62.901497	228
-50.085941	61.032635	229
-52.376183	59.043968	230
-54.6343	56.963718	231
-56.791164	54.778126	232
-58.928913	52.465557	233
-60.955276	50.076084	234
-62.849922	47.657776	235
-64.669739	45.11261	236
-66.403137	42.478443	237
-68.014824	39.796238	238
-69.552269	37.015148	239
-70.963326	34.178944	240
-72.256989	31.307274	241
-73.451141	28.344683	242
-74.512993	25.355986	243
-75.439728	22.362593	244
-76.236443	19.271212	245
-76.924507	16.197208	246
-77.466942	13.21252	247
-77.886986	10.140355	248
-78.208229	7.094889	249
-78.433891	4.031166	250
-78.471474	0.993029	251
-78.441025	-2.053656	252
-78.257462	-5.106164	253
-77.968567	-8.083045	254
-77.587593	-11.12343	255
-77.091583	-14.123651	256
-76.44828	-16.995399	257
-75.725052	-19.945904	258
-74.870506	-22.843979	259
-73.924599	-25.638132	260
-72.853905	-28.480696	261
-71.676888	-31.24675	262
-70.379074	-34.027275	263
-68.946838	-36.779869	264
-67.411926	-39.457512	265
-65.771576	-42.085514	266
-64.028038	-44.635674	267
-62.214874	-47.094643	268
-60.280315	-49.496983	269
-58.259232	-51.836582	270
-56.175457	-54.014454	271
-53.971218	-56.214142	272
-51.749149	-58.221985	273
-49.415421	-60.170181	274
-46.990551	-62.037041	275
-44.515656	-63.809734	276
-41.9832	-65.510651	277
-39.35453	-67.053352	278
-36.71133	-68.539505	279
-33.976673	-69.88916	280
-31.204365	-71.135208	281
-28.424686	-72.257172	282
-25.602758	-73.265747	283
-22.750093	-74.178665	284
-19.746243	-75.046135	285
-16.859015	-75.671021	286
-13.898749	-76.262436	287
-10.87469	-76.736046	288
-7.90837	-77.054619	289
-4.914475	-77.288658	290
-1.856768	-77.401199	291
1.165012	-77.374008	292
4.217115	-77.262894	293
7.258825	-77.012268	294
10.238066	-76.667572	295
13.241962	-76.137207	296
16.283857	-75.522545	297
19.208405	-74.812981	298
22.17659	-73.973465	299
25.084879	-73.023918	300
27.914061	-71.948044	301
30.640804	-70.811516	302
33.367176	-69.551018	303
36.033916	-68.181396	304
38.603069	-66.737572	305
41.157818	-65.173492	306
43.693596	-63.479656	307
46.171268	-61.670902	308
48.602627	-59.812767	309
50.917751	-57.796394	310
53.142845	-55.734085	311
55.364838	-53.536926	312
57.431156	-51.277241	313
59.441692	-48.925293	314
61.359142	-46.508102	315
63.186352	-44.019218	316
64.875999	-41.428917	317
66.480446	-38.867565	318
67.949104	-36.206364	319
69.355049	-33.511539	320
70.600883	-30.809509	321
71.735794	-28.035593	322
72.78215	-25.276985	323
73.726593	-22.480358	324
74.562744	-19.589428	325
75.287392	-16.667627	326
75.907852	-13.68726	327
76.409203	-10.671352	328
76.810196	-7.665555	329
77.072784	-4.569219	330
77.231178	-1.531241	331
77.273216	1.5299	332
77.186035	4.684904	333
76.965042	7.694475	334
76.634102	10.810027	335
76.179276	13.918786	336
75.642563	16.958862	337
74.90506	19.998175	338
74.079445	23.011999	339
73.156425	25.947798	340
72.091919	28.859964	341
70.929268	31.672279	342
69.714241	34.4744	343
68.300079	37.245041	344
66.834595	39.910851	345
65.312881	42.5061	346
63.686401	44.989216	347
61.880413	47.459324	348
60.001904	49.893574	349
58.131111	52.135403	350
56.041599	54.428886	351
53.889011	56.625732	352
51.715332	58.689785	353
49.393997	60.733597	354
47.018093	62.623619	355
44.59058	64.424698	356
42.012615	66.196312	357
39.359432	67.84362	358
36.616959	69.3825	359
33.786945	70.882523	360
30.937567	72.190559	361
28.038532	73.370354	362
25.123169	74.463303	363
22.178947	75.456322	364
19.16897	76.33503	365
16.229347	76.999306	366
13.162688	77.646164	367
10.095961	78.133125	368
7.091464	78.480263	369
4.018193	78.731468	370
0.928854	78.810539	371
-2.166194	78.850418	372
-5.269637	78.710953	373
-8.357377	78.462021	374
-11.401674	78.074226	375
-14.452798	77.601395	376
-17.444046	77.014656	377
-20.31118	76.288338	378
-23.19408	75.475395	379
-26.109648	74.568047	380
-28.970856	73.416527	381
-31.752968	72.288445	382
-34.577129	71.008682	383
-37.373772	69.563866	384
-40.048981	68.091087	385
-42.691196	66.443993	386
-45.274181	64.644417	387
-47.786304	62.8438	388
-50.268425	60.888153	389
-52.56908	58.81675	390
-54.895813	56.687981	391
-57.129101	54.425323	392
-59.234272	52.106045	393
-61.24025	49.716133	394
-63.14558	47.210522	395
-64.954453	44.652435	396
-66.716125	41.939205	397
-68.303627	39.329514	398
-69.767746	36.571327	399
-71.148849	33.73896	400
-72.384132	31.000008	401
-73.514915	28.139311	402
-74.553146	25.213442	403
-75.460373	22.295921	404
-76.231224	19.312391	405
-76.894112	16.300871	406
-77.453979	13.364854	407
-77.873184	10.367681	408
-78.194145	7.379226	409
-78.413635	4.305435	410
-78.47316	1.240449	411
-78.457191	-1.806917	412
-78.270584	-4.964674	413
-77.98996	-7.982252	414
-77.592911	-11.066858	415
-77.082199	-14.151029	416
-76.407097	-17.113153	417
-75.697266	-20.116688	418
-74.803101	-23.053102	419
-73.832947	-25.917658	420
-72.729721	-28.78146	421
-71.573441	-31.564951	422
-70.276527	-34.228905	423
-68.87709	-36.951824	424
-67.356842	-39.569321	425
-65.733475	-42.137428	426
-63.9883	-44.689472	427
-62.155746	-47.187702	428
-60.1422	-49.657814	429
-58.136539	-52.013191	430
-55.943924	-54.267262	431
-53.670914	-56.467678	432
-51.390442	-58.50386	433
-49.047661	-60.467052	434
-46.625988	-62.343971	435
-44.184643	-64.04982	436
-41.663197	-65.672142	437
-39.119228	-67.223152	438
-36.577969	-68.592781	439
-33.931137	-69.907471	440
-31.225204	-71.122017	441
-28.444611	-72.244049	442
-25.623125	-73.259041	443
-22.75672	-74.171783	444
-19.754581	-75.040993	445
-16.854826	-75.669312	446
-13.841535	-76.276978	447
-10.724865	-76.754784	448
-7.709649	-77.080978	449
-4.674402	-77.292793	450
-1.52281	-77.398125	451
1.451777	-77.376999	452
4.532951	-77.247322	453
7.534165	-76.999619	454
10.475242	-76.607826	455
13.489186	-76.089767	456
16.37295	-75.503738	457
19.233501	-74.803535	458
22.122408	-73.983086	459
25.011494	-73.053429	460
27.833357	-71.968773	461
30.589787	-70.822639	462
33.376213	-69.540054	463
36.214531	-68.143944	464
38.867397	-66.605156	465
41.483456	-64.974434	466
44.050758	-63.249821	467
46.476158	-61.454044	468
48.854103	-59.547947	469
51.165375	-57.568218	470
53.338169	-55.548927	471
55.492954	-53.446003	472
57.476845	-51.223602	473
59.426861	-48.937786	474
61.295246	-46.58363	475
63.094284	-44.135338	476
64.78849	-41.577969	477
66.363327	-39.017231	478
67.875732	-36.360577	479
69.319565	-33.638275	480
70.601128	-30.817131	481
71.771088	-27.95331	482
72.855545	-25.035582	483
73.816444	-22.120617	484
74.707672	-19.139999	485
75.412453	-16.108343	486
76.016525	-13.076137	487
76.519691	-9.982166	488
76.885361	-7.001674	489
77.121208	-4.017711	490
77.247276	-1.007374	491
77.283852	1.993611	492
77.163544	4.960173	493
76.948647	7.911023	494
76.631645	10.898582	495
76.18071	13.924658	496
75.6595	16.888348	497
74.933937	19.89953	498
74.131042	22.823835	499
73.282928	25.74337	500
72.185463	28.658552	501
71.015739	31.517536	502
69.751648	34.3708	503
68.307037	37.236649	504
66.791206	39.992954	505
65.161888	42.687351	506
63.427292	45.309692	507
61.614677	47.815044	508
59.744095	50.253342	509
57.758957	52.543713	510
55.778969	54.759186	511
53.62587	56.904411	512
51.4538	58.907471	513
49.155167	60.884148	514
46.798847	62.763569	515
44.394363	64.58107	516
41.803192	66.317078	517
39.205708	67.958351	518
36.47229	69.490143	519
33.676842	70.938835	520
30.841131	72.225998	521
27.969183	73.451706	522
25.054132	74.538284	523
22.101648	75.480621	524
19.083097	76.352455	525
16.133278	77.061852	526
13.124624	77.653137	527
10.06247	78.144676	528
7.063107	78.490875	529
3.963567	78.734673	530
0.880147	78.81237	531
-2.229099	78.853355	532
-5.343278	78.708061	533
-8.486316	78.455688	534
-11.531286	78.057953	535
-14.659039	77.556679	536
-17.632038	76.968689	537
-20.660543	76.215919	538
-23.646412	75.328384	539
-26.618507	74.352203	540
-29.559576	73.221512	541
-32.361141	72.037231	542
-35.100994	70.761551	543
-37.865856	69.31588	544
-40.472969	67.812263	545
-43.073997	66.183678	546
-45.632671	64.439209	547
-48.089882	62.620316	548
-50.517017	60.660904	549
-52.861141	58.621616	550
-55.059422	56.475563	551
-57.273911	54.273338	552
-59.338219	51.991486	553
-61.328545	49.562439	554
-63.255039	47.099831	555
-65.02993	44.608757	556
-66.657707	41.966583	557
-68.232361	39.444111	558
-69.664139	36.697346	559
-71.104073	33.901173	560
-72.345177	31.11088	561
-73.477844	28.270947	562
-74.518387	25.344223	563
-75.423691	22.419693	564
-76.217049	19.389872	565
-76.908691	16.362532	566
-77.457558	13.314788	567
-77.876648	10.223045	568
-78.208488	7.139422	569
-78.436043	4.020833	570
-78.4758	0.905968	571
-78.450684	-2.18019	572
-78.256081	-5.186157	573
-77.965195	-8.185982	574
-77.570457	-11.235818	575
-77.060608	-14.264306	576
-76.391426	-17.210104	577
-75.675789	-20.179399	578
-74.793739	-23.082977	579
-73.827354	-25.927704	580
-72.73204	-28.846558	581
-71.530487	-31.656599	582
-70.18058	-34.40934	583
-68.714691	-37.197491	584
-67.189018	-39.826168	585
-65.572838	-42.378387	586
-63.851341	-44.9142	587
-62.027252	-47.348293	588
-60.079201	-49.738892	589
-58.085999	-52.001953	590
-55.978214	-54.224857	591
-53.77676	-56.364258	592
-51.518597	-58.394154	593
-49.138611	-60.378548	594
-46.703838	-62.262413	595
-44.282608	-63.979008	596
-41.714149	-65.644661	597
-39.081394	-67.248581	598
-36.400024	-68.643417	599
-33.664524	-70.027611	600
-30.970688	-71.255516	601
-28.187256	-72.376808	602
-25.338093	-73.380043	603
-22.438183	-74.286423	604
-19.447203	-75.103821	605
-16.483412	-75.759438	606
-13.498094	-76.333244	607
-10.516785	-76.806938	608
-7.60021	-77.09433	609
-4.587227	-77.29792	610
-1.512987	-77.399239	611
1.435872	-77.378654	612
4.521241	-77.246155	613
7.565797	-76.994095	614
10.591959	-76.586685	615
13.626184	-76.076683	616
16.586752	-75.459351	617
19.548752	-74.720474	618
22.474987	-73.87072	619
25.286287	-72.927048	620
28.122257	-71.87355	621
30.880701	-70.704163	622
33.660889	-69.399834	623
36.369995	-68.048485	624
38.986511	-66.52742	625
41.5704	-64.907181	626
44.111313	-63.207878	627
46.518112	-61.431709	628
48.868164	-59.540993	629
51.176964	-57.559132	630
53.41267	-55.483459	631
55.567631	-53.352627	632
57.633141	-51.058308	633
59.647114	-48.707661	634
61.561207	-46.256546	635
63.346432	-43.758244	636
65.046066	-41.208443	637
66.627075	-38.566933	638
68.155113	-35.917206	639
69.532578	-33.101006	640
70.806442	-30.321697	641
71.971214	-27.489038	642
73.029839	-24.586424	643
73.942192	-21.755146	644
74.75853	-18.841459	645
75.443817	-15.912617	646
76.02845	-13.009387	647
76.508888	-10.02503	648
76.875336	-7.108824	649
77.112953	-4.19931	650
77.230576	-1.247735	651
77.26944	1.74628	652
77.179237	4.753947	653
76.972153	7.684681	654
76.643326	10.751649	655
76.1894	13.862654	656
75.650375	16.927874	657
74.90332	20.015303	658
74.057793	23.104042	659
73.098686	26.096098	660
72.016144	29.083427	661
70.801506	32.038097	662
69.561829	34.882259	663
68.099579	37.646484	664
66.622589	40.249069	665
65.072456	42.81646	666
63.404682	45.33799	667
61.6408	47.761868	668
59.815834	50.120926	669
57.839348	52.463032	670
55.798164	54.737392	671
53.589539	56.949619	672
51.383606	58.970207	673
49.094429	60.935715	674
46.722824	62.874397	675
44.342873	64.621056	676
41.73811	66.355751	677
39.077461	68.017059	678
36.388683	69.545204	679
33.573231	70.984467	680
30.703152	72.274147	681
27.728163	73.540436	682
24.757313	74.648163	683
21.7789	75.629089	684
18.689816	76.439804	685
15.715712	77.151314	686
12.718719	77.736046	687
9.635048	78.200806	688
6.604794	78.529037	689
3.599752	78.764717	690
0.502461	78.860313	691
-2.509674	78.843361	692
-5.58543	78.699059	693
-8.600182	78.416122	694
-11.536126	78.055229	695
-14.589089	77.583191	696
-17.563028	76.989662	697
-20.510757	76.253456	698
-23.454525	75.374863	699
-26.326601	74.412064	700
-29.285704	73.341217	701
-32.139881	72.143562	702
-34.955879	70.828011	703
-37.809429	69.351059	704
-40.546982	67.766571	705
-43.235664	66.0821	706
-45.885639	64.266136	707
-48.418686	62.369774	708
-50.887794	60.350746	709
-53.188553	58.308399	710
-55.439465	56.17284	711
-57.579048	53.925041	712
-59.649792	51.644226	713
-61.585377	49.294991	714
-63.446491	46.856976	715
-65.179527	44.354404	716
-66.850784	41.768906	717
-68.39312	39.155643	718
-69.831512	36.471882	719
-71.18766	33.666435	720
-72.404846	30.931095	721
-73.532272	28.060192	722
-74.573067	25.095327	723
-75.494667	22.159346	724
-76.273041	19.123384	725
-76.948471	16.131376	726
-77.460991	13.152795	727
-77.894615	10.098439	728
-78.210197	7.098026	729
-78.43634	4.0529	730
-78.477867	0.995425	731
-78.457237	-2.132434	732
-78.256638	-5.202847	733
-77.956238	-8.301843	734
-77.547745	-11.398176	735
-76.999809	-14.521937	736
-76.324638	-17.524147	737
-75.58844	-20.491882	738
-74.680443	-23.499409	739
-73.696205	-26.289328	740
-72.59996	-29.103401	741
-71.380081	-31.902157	742
-70.075012	-34.617599	743
-68.650803	-37.317188	744
-67.149879	-39.911312	745
-65.498672	-42.501045	746
-63.770355	-45.046722	747
-61.927055	-47.462906	748
-60.000366	-49.827175	749
-58.006237	-52.095634	750
-55.870998	-54.375999	751
-53.65239	-56.484261	752
-51.402424	-58.494167	753
-49.059227	-60.45229	754
-46.636864	-62.332439	755
-44.156128	-64.069649	756
-41.562122	-65.736206	757
-38.923302	-67.331985	758
-36.26527	-68.750687	759
-33.440895	-70.161644	760
-30.658609	-71.374893	761
-27.808308	-72.497299	762
-24.899328	-73.527351	763
-22.033928	-74.394356	764
-19.153595	-75.15625	765
-16.226542	-75.813995	766
-13.289721	-76.405739	767
-10.302669	-76.816879	768
-7.309845	-77.124939	769
-4.301648	-77.307869	770
-1.267627	-77.392532	771
1.700731	-77.361557	772
4.720439	-77.253815	773
7.598519	-76.96714	774
10.503309	-76.601791	775
13.478584	-76.091789	776
16.391178	-75.49839	777
19.338459	-74.775345	778
22.334732	-73.955406	779
25.198296	-72.958878	780
28.131083	-71.869965	781
30.994196	-70.723511	782
33.742779	-69.348251	783
36.49725	-67.92749	784
39.142044	-66.409096	785
41.750267	-64.781548	786
44.318497	-63.034187	787
46.76083	-61.23299	788
49.192574	-59.290672	789
51.479492	-57.295174	790
53.672924	-55.226097	791
55.815472	-53.025291	792
57.876476	-50.790554	793
59.811878	-48.488155	794
61.668468	-46.086254	795
63.396767	-43.680504	796
65.047264	-41.205048	797
66.585335	-38.654861	798
68.059425	-36.007076	799
69.438148	-33.264523	800
70.701324	-30.580833	801
71.865257	-27.762922	802
72.930046	-24.871494	803
73.856506	-22.01766	804
74.737534	-19.018648	805
75.42112	-16.064425	806
76.017761	-13.074283	807
76.515495	-9.974632	808
76.888725	-6.963878	809
77.121803	-3.922677	810
77.245811	-0.83556	811
77.279335	2.217602	812
77.154633	5.305251	813
76.915993	8.333992	814
76.56321	11.384246	815
76.103348	14.441017	816
75.513138	17.352861	817
74.822212	20.344023	818
73.975342	23.339539	819
73.058861	26.200935	820
71.991982	29.139915	821
70.803345	32.034046	822
69.573997	34.855141	823
68.126396	37.598194	824
66.643066	40.227158	825
65.070412	42.82045	826
63.362679	45.39764	827
61.56461	47.893627	828
59.712105	50.306828	829
57.676727	52.625309	830
55.591511	54.928631	831
53.458412	57.10569	832
51.225418	59.163948	833
48.881901	61.173901	834
46.388355	63.123322	835
43.906639	64.90741	836
41.388577	66.630852	837
38.685848	68.214081	838
35.975147	69.771004	839
33.180527	71.124344	840
30.463562	72.443886	841
27.634863	73.584724	842
24.772615	74.644875	843
21.825386	75.58651	844
18.827568	76.429054	845
15.811875	77.131569	846
12.76561	77.725082	847
9.66907	78.195435	848
6.613864	78.530182	849
3.554932	78.762482	850
0.417278	78.860741	851
-2.641336	78.846115	852
-5.78441	78.66375	853
-8.765476	78.40377	854
-11.766579	78.051765	855
-14.79128	77.539124	856
-17.694216	76.957382	857
-20.661503	76.217361	858
-23.568954	75.351547	859
-26.415596	74.376831	860
-29.325378	73.329384	861
-32.116943	72.152039	862
-34.888943	70.865105	863
-37.630447	69.435722	864
-40.264126	67.897339	865
-42.892597	66.247276	866
-45.483566	64.504173	867
-48.006599	62.689384	868
-50.466751	60.707653	869
-52.816967	58.665119	870
-55.033554	56.502392	871
-57.2705	54.280842	872
-59.357525	51.972958	873
-61.421726	49.473274	874
-63.339577	46.994545	875
-65.162346	44.379272	876
-66.898758	41.700386	877
-68.491791	38.916332	878
-70.022751	36.132343	879
-71.365936	33.273651	880
-72.631485	30.402647	881
-73.788734	27.424923	882
-74.822922	24.361385	883
-75.665916	21.415348	884
-76.457939	18.367279	885
-77.070381	15.373263	886
-77.589684	12.423031	887
-77.987976	9.425221	888
-78.245186	6.457315	889
-78.444389	3.46468	890
-78.482658	0.491829	891
-78.434845	-2.427824	892
-78.23703	-5.378221	893
-77.942741	-8.376858	894
-77.553551	-11.334395	895
-77.032257	-14.389565	896
-76.362076	-17.350164	897
-75.641304	-20.283575	898
-74.728081	-23.299683	899
-73.720886	-26.238741	900
-72.576363	-29.163992	901
-71.300621	-32.079494	902
-69.950249	-34.907131	903
-68.459709	-37.648796	904
-66.87796	-40.3456	905
-65.206619	-42.936352	906
-63.420002	-45.492203	907
-61.592972	-47.874283	908
-59.74081	-50.171368	909
-57.707619	-52.424728	910
-55.659794	-54.554497	911
-53.512592	-56.633347	912
-51.294392	-58.608955	913
-48.991013	-60.520676	914
-46.541851	-62.404091	915
-44.053829	-64.138351	916
-41.485027	-65.78347	917
-38.847275	-67.356636	918
-36.231396	-68.769073	919
-33.432045	-70.169144	920
-30.689192	-71.358597	921
-27.861263	-72.484222	922
-24.974211	-73.502914	923
-22.08901	-74.379021	924
-19.106659	-75.154045	925
-16.190517	-75.82415	926
-13.214595	-76.390091	927
-10.151158	-76.828377	928
-7.069853	-77.156288	929
-4.055928	-77.328148	930
-0.917252	-77.391533	931
2.081447	-77.355614	932
5.099995	-77.202652	933
8.139165	-76.934517	934
11.015284	-76.520348	935
13.962513	-75.99794	936
16.860918	-75.398659	937
19.748835	-74.673935	938
22.660128	-73.81176	939
25.557554	-72.836807	940
28.41572	-71.800217	941
31.18187	-70.574257	942
33.962624	-69.235527	943
36.715725	-67.813454	944
39.333035	-66.313011	945
41.923851	-64.681702	946
44.47995	-62.936092	947
46.868248	-61.145874	948
49.25351	-59.227203	949
51.550682	-57.233074	950
53.707989	-55.18647	951
55.841305	-52.999733	952
57.877956	-50.790951	953
59.808796	-48.480457	954
61.676933	-46.072353	955
63.449802	-43.623268	956
65.083427	-41.15984	957
66.629128	-38.568298	958
68.109985	-35.92403	959
69.482185	-33.1763	960
70.747818	-30.461576	961
71.919807	-27.623703	962
72.985588	-24.71386	963
73.916344	-21.845463	964
74.752777	-18.860092	965
75.461372	-15.859174	966
76.05162	-12.886319	967
76.546562	-9.806912	968
76.918198	-6.713912	969
77.134972	-3.622713	970
77.237183	-0.519457	971
77.282562	2.555241	972
77.131882	5.53825	973
76.883286	8.570372	974
76.536293	11.610817	975
76.053635	14.66776	976
75.463676	17.651823	977
74.749725	20.647516	978
73.884956	23.589983	979
72.971802	26.466311	980
71.918404	29.328426	981
70.773132	32.124336	982
69.552902	34.89048	983
68.095428	37.652004	984
66.57975	40.330376	985
64.946243	42.994534	986
63.219009	45.586567	987
61.405491	48.127403	988
59.483967	50.544361	989
57.476883	52.88525	990
55.344917	55.153988	991
53.122555	57.358051	992
50.869892	59.457581	993
48.509457	61.431889	994
46.049454	63.343075	995
43.613422	65.128807	996
40.964989	66.860428	997
38.316513	68.463341	998
35.715843	69.89003	999
32.959633	71.281342	1000
30.192104	72.542534	1001
27.381454	73.68145	1002
24.516848	74.718994	1003
21.672247	75.627525	1004
18.778646	76.413246	1005
15.872221	77.123405	1006
12.91324	77.703979	1007
9.917419	78.163437	1008
6.906244	78.507072	1009
3.835883	78.751549	1010
0.784551	78.808838	1011
-2.369638	78.846588	1012
-5.423634	78.697342	1013
-8.596208	78.41806	1014
-11.612471	78.04068	1015
-14.779272	77.545319	1016
-17.807707	76.919426	1017
-20.816687	76.163208	1018
-23.728552	75.297943	1019
-26.669519	74.33696	1020
-29.559189	73.220093	1021
-32.363335	72.035233	1022
-35.182266	70.708595	1023
-37.939785	69.285332	1024
-40.567699	67.760033	1025
-43.175091	66.117065	1026
-45.745453	64.375526	1027
-48.23835	62.52837	1028
-50.636112	60.498173	1029
-52.992268	58.500069	1030
-55.263512	56.347996	1031
-57.44381	54.074627	1032
-59.571121	51.725555	1033
-61.569199	49.321125	1034
-63.513561	46.756073	1035
-65.316383	44.119301	1036
-67.059685	41.43708	1037
-68.680214	38.636745	1038
-70.16806	35.778011	1039
-71.558128	32.867142	1040
-72.825165	29.930058	1041
-73.944611	26.978037	1042
-74.956886	23.98247	1043
-75.795105	21.034117	1044
-76.545113	18.077316	1045
-77.152679	15.031965	1046
-77.644463	12.085429	1047
-78.031548	9.065425	1048
-78.293571	6.061755	1049
-78.438095	3.100365	1050
-78.478905	0.089851	1051
-78.416016	-2.870138	1052
-78.205109	-5.766721	1053
-77.906677	-8.714154	1054
-77.506294	-11.656977	1055
-76.991554	-14.675819	1056
-76.321663	-17.552483	1057
-75.590157	-20.476084	1058
-74.680321	-23.497375	1059
-73.674744	-26.356726	1060
-72.543526	-29.253996	1061
-71.254021	-32.187332	1062
-69.921371	-34.952015	1063
-68.429405	-37.697266	1064
-66.843697	-40.40382	1065
-65.184395	-42.973156	1066
-63.390846	-45.517506	1067
-61.53854	-47.942459	1068
-59.60479	-50.304195	1069
-57.595699	-52.529766	1070
-55.521584	-54.682999	1071
-53.350838	-56.789013	1072
-51.145348	-58.748051	1073
-48.851799	-60.633732	1074
-46.46851	-62.458637	1075
-44.044258	-64.140266	1076
-41.513199	-65.759819	1077
-38.865311	-67.349968	1078
-36.19125	-68.787369	1079
-33.36301	-70.208183	1080
-30.522381	-71.418617	1081
-27.665937	-72.535713	1082
-24.737795	-73.574791	1083
-21.805525	-74.505821	1084
-18.835644	-75.221062	1085
-15.800717	-75.914841	1086
-12.726974	-76.46682	1087
-9.777818	-76.872131	1088
-6.76097	-77.169449	1089
-3.684668	-77.340378	1090
-0.606709	-77.385391	1091
2.441487	-77.342636	1092
5.496306	-77.191437	1093
8.606662	-76.852821	1094
11.634336	-76.456589	1095
14.668443	-75.865509	1096
17.690041	-75.22187	1097
20.599802	-74.424454	1098
23.51079	-73.545898	1099
26.369865	-72.612778	1100
29.098251	-71.478523	1101
31.813442	-70.258217	1102
34.456875	-68.996338	1103
37.095303	-67.57962	1104
39.647327	-66.192627	1105
42.197189	-64.565445	1106
44.698933	-62.864159	1107
46.969654	-61.065651	1108
49.278603	-59.198891	1109
51.568253	-57.218952	1110
53.744308	-55.147522	1111
55.867504	-52.975555	1112
57.898201	-50.757927	1113
59.836807	-48.452343	1114
61.735477	-46.003601	1115
63.506218	-43.545467	1116
65.206863	-40.96806	1117
66.790932	-38.292137	1118
68.277969	-35.572205	1119
69.704788	-32.766594	1120
70.990135	-29.966652	1121
72.145576	-27.082804	1122
73.183395	-24.210781	1123
74.041077	-21.368979	1124
74.847595	-18.442354	1125
75.523758	-15.523621	1126
76.127579	-12.600891	1127
76.582184	-9.595592	1128
76.922806	-6.631246	1129
77.137535	-3.654446	1130
77.240921	-0.590725	1131
77.286476	2.489406	1132
77.133209	5.516779	1133
76.886597	8.575288	1134
76.534317	11.628606	1135
76.053207	14.694183	1136
75.44149	17.71188	1137
74.729767	20.727541	1138
73.861084	23.717234	1139
72.934517	26.597166	1140
71.860916	29.481396	1141
70.687294	32.326847	1142
69.410362	35.047302	1143
68.028389	37.802166	1144
66.508453	40.460651	1145
64.903511	43.075249	1146
63.169487	45.627136	1147
61.391838	48.154186	1148
59.46212	50.575363	1149
57.465824	52.901405	1150
55.377201	55.123032	1151
53.211914	57.287804	1152
51.002941	59.342113	1153
48.692074	61.314274	1154
46.280594	63.199486	1155
43.8792	64.924133	1156
41.434444	66.597832	1157
38.856293	68.137398	1158
36.319832	69.589157	1159
33.612537	70.970543	1160
30.873564	72.219315	1161
28.047491	73.372711	1162
25.145628	74.459503	1163
22.170422	75.466698	1164
19.085453	76.355103	1165
15.975983	77.092316	1166
12.816988	77.716385	1167
9.608648	78.204109	1168
6.473404	78.550453	1169
3.309286	78.77684	1170
0.137103	78.860664	1171
-3.005675	78.821175	1172
-6.070802	78.648369	1173
-9.199701	78.386299	1174
-12.199609	77.967026	1175
-15.259701	77.462616	1176
-18.236927	76.844345	1177
-21.193169	76.07547	1178
-24.182541	75.168282	1179
-27.070345	74.178131	1180
-29.967375	73.079567	1181
-32.813866	71.852081	1182
-35.547699	70.514511	1183
-38.216671	69.112183	1184
-40.802975	67.62323	1185
-43.368908	65.996315	1186
-45.878315	64.2771	1187
-48.288338	62.482555	1188
-50.60556	60.526413	1189
-52.916546	58.571018	1190
-55.095917	56.439949	1191
-57.317616	54.189255	1192
-59.366913	51.958225	1193
-61.384399	49.516758	1194
-63.263218	47.091072	1195
-65.056236	44.568279	1196
-66.73867	41.904552	1197
-68.351692	39.24371	1198
-69.841164	36.452995	1199
-71.270699	33.522125	1200
-72.551628	30.596584	1201
-73.725471	27.58297	1202
-74.777031	24.49102	1203
-75.663727	21.441414	1204
-76.484261	18.292555	1205
-77.134918	15.152596	1206
-77.651443	12.000227	1207
-78.071671	8.855591	1208
-78.322563	5.589936	1209
-78.443581	2.546632	1210
-78.482231	-0.555133	1211
-78.364273	-3.681978	1212
-78.115265	-6.709328	1213
-77.76812	-9.799948	1214
-77.333847	-12.720502	1215
-76.772194	-15.613294	1216
-76.088371	-18.509018	1217
-75.309013	-21.325073	1218
-74.497025	-24.121359	1219
-73.535431	-26.712431	1220
-72.501678	-29.376703	1221
-71.294479	-32.097473	1222
-70.027893	-34.709824	1223
-68.630203	-37.358295	1224
-67.146454	-39.912872	1225
-65.513237	-42.466454	1226
-63.790295	-45.017532	1227
-61.930714	-47.457676	1228
-59.9548	-49.8778	1229
-57.856316	-52.272491	1230
-55.669533	-54.54443	1231
-53.360035	-56.78104	1232
-50.989864	-58.86882	1233
-48.502838	-60.874043	1234
-45.934242	-62.822266	1235
-43.286678	-64.629158	1236
-40.605923	-66.328987	1237
-37.759853	-67.968681	1238
-34.913303	-69.416321	1239
-31.999468	-70.799232	1240
-29.108057	-71.984528	1241
-26.249073	-73.053513	1242
-23.370451	-74.02079	1243
-20.497156	-74.80658	1244
-17.620096	-75.539185	1245
-14.746663	-76.094841	1246
-11.872727	-76.55397	1247
-8.976086	-76.9291	1248
-6.094383	-77.210503	1249
-3.227511	-77.367157	1250
-0.343106	-77.38958	1251
2.461114	-77.3414	1252
5.260831	-77.189156	1253
8.132362	-76.934746	1254
10.912015	-76.563477	1255
13.716623	-76.054726	1256
16.523222	-75.462906	1257
19.355791	-74.770866	1258
22.203951	-73.959	1259
25.056101	-73.031967	1260
27.865299	-71.958145	1261
30.634485	-70.807655	1262
33.457401	-69.498352	1263
36.272697	-68.109955	1264
38.938839	-66.55545	1265
41.591469	-64.891426	1266
44.251022	-63.076069	1267
46.808414	-61.193455	1268
49.340309	-59.141697	1269
51.791977	-57.000523	1270
54.163689	-54.758633	1271
56.377121	-52.431431	1272
58.543251	-50.010651	1273
60.487698	-47.610794	1274
62.394112	-45.099243	1275
64.127243	-42.633446	1276
65.733879	-40.120499	1277
67.255829	-37.502674	1278
68.655899	-34.894825	1279
69.970551	-32.209808	1280
71.15905	-29.468838	1281
72.243134	-26.7624	1282
73.238091	-23.980146	1283
74.076996	-21.242668	1284
74.849586	-18.442007	1285
75.515976	-15.589616	1286
76.081009	-12.747057	1287
76.540466	-9.823521	1288
76.899033	-6.927686	1289
77.12326	-3.963986	1290
77.246101	-0.984555	1291
77.285286	2.016157	1292
77.153114	5.044332	1293
76.938454	8.095933	1294
76.592789	11.163811	1295
76.121765	14.289749	1296
75.53228	17.259298	1297
74.836609	20.294502	1298
73.972366	23.352449	1299
73.042206	26.249479	1300
71.95929	29.234447	1301
70.763084	32.156841	1302
69.460541	34.956013	1303
68.017632	37.822178	1304
66.446541	40.571541	1305
64.792381	43.266186	1306
63.015636	45.93325	1307
61.188316	48.457581	1308
59.213844	50.833599	1309
57.117954	53.270687	1310
54.999645	55.563839	1311
52.758209	57.748589	1312
50.447639	59.854679	1313
48.097004	61.813515	1314
45.632381	63.687927	1315
43.176994	65.402573	1316
40.686638	67.027237	1317
38.046501	68.625008	1318
35.49865	69.991531	1319
32.773399	71.373383	1320
30.023542	72.614944	1321
27.250713	73.733597	1322
24.429436	74.756386	1323
21.588083	75.663231	1324
18.711517	76.438087	1325
15.779691	77.141029	1326
12.817924	77.719627	1327
9.823243	78.174431	1328
6.767252	78.524727	1329
3.707618	78.76329	1330
0.588367	78.86161	1331
-2.499998	78.845535	1332
-5.638063	78.69696	1333
-8.775006	78.405113	1334
-11.973825	77.994537	1335
-15.10368	77.488113	1336
-18.219002	76.854233	1337
-21.308428	76.042892	1338
-24.373592	75.10733	1339
-27.42391	74.061035	1340
-30.333717	72.917542	1341
-33.252022	71.641068	1342
-36.078579	70.269707	1343
-38.779613	68.779022	1344
-41.397141	67.267792	1345
-43.941509	65.625099	1346
-46.418598	63.910172	1347
-48.697685	62.089844	1348
-51.046841	60.224903	1349
-53.345188	58.1418	1350
-55.498692	56.118492	1351
-57.598995	53.902859	1352
-59.67025	51.626175	1353
-61.626133	49.253689	1354
-63.505638	46.77475	1355
-65.249031	44.209663	1356
-66.909546	41.684143	1357
-68.475342	38.954357	1358
-69.969948	36.244511	1359
-71.338318	33.375633	1360
-72.588013	30.515862	1361
-73.732353	27.57139	1362
-74.757973	24.561386	1363
-75.639999	21.580915	1364
-76.42807	18.450687	1365
-77.072037	15.361265	1366
-77.615921	12.273629	1367
-78.018555	9.120948	1368
-78.293678	6.040774	1369
-78.440186	2.950252	1370
-78.484932	-0.212728	1371
-78.384064	-3.259537	1372
-78.153755	-6.335813	1373
-77.824356	-9.378181	1374
-77.391884	-12.35428	1375
-76.85611	-15.347705	1376
-76.149567	-18.260628	1377
-75.37352	-21.167068	1378
-74.482246	-24.145828	1379
-73.472694	-26.950426	1380
-72.318054	-29.76018	1381
-71.077766	-32.551502	1382
-69.785202	-35.191696	1383
-68.32769	-37.859623	1384
-66.777679	-40.512199	1385
-65.12841	-43.052078	1386
-63.334309	-45.576687	1387
-61.52388	-47.964149	1388
-59.576801	-50.339767	1389
-57.490028	-52.658176	1390
-55.347694	-54.86063	1391
-53.133129	-56.973457	1392
-50.789867	-59.012142	1393
-48.405308	-60.948467	1394
-45.968342	-62.786674	1395
-43.478519	-64.510078	1396
-40.874451	-66.164627	1397
-38.141815	-67.744781	1398
-35.462181	-69.156136	1399
-32.67337	-70.473778	1400
-29.850914	-71.684441	1401
-27.048029	-72.757065	1402
-24.182507	-73.721695	1403
-21.188705	-74.632935	1404
-18.261482	-75.368523	1405
-15.250962	-76.019455	1406
-12.22014	-76.521988	1407
-9.180651	-76.90612	1408
-6.13296	-77.203293	1409
-3.103959	-77.363747	1410
-0.082339	-77.374306	1411
2.890232	-77.328262	1412
5.916759	-77.136963	1413
8.966411	-76.804169	1414
11.941574	-76.374275	1415
14.90276	-75.815231	1416
17.851915	-75.157936	1417
20.729761	-74.39138	1418
23.581356	-73.516701	1419
26.371567	-72.61113	1420
29.053062	-71.488228	1421
31.719801	-70.314049	1422
34.337978	-69.102501	1423
36.93668	-67.682945	1424
39.484283	-66.291069	1425
41.941677	-64.666428	1426
44.438789	-62.958168	1427
46.803944	-61.199745	1428
49.195805	-59.284046	1429
51.466797	-57.306873	1430
53.674118	-55.219566	1431
55.801933	-53.027931	1432
57.893669	-50.765209	1433
59.865196	-48.404804	1434
61.808926	-45.884621	1435
63.60775	-43.380787	1436
65.323463	-40.763531	1437
66.93586	-38.080647	1438
68.42408	-35.318813	1439
69.824554	-32.506157	1440
71.084747	-29.635525	1441
72.24826	-26.743876	1442
73.293213	-23.772409	1443
74.215294	-20.811541	1444
75.001007	-17.809969	1445
75.713264	-14.753734	1446
76.255882	-11.723131	1447
76.685745	-8.671121	1448
76.993065	-5.625673	1449
77.193947	-2.680124	1450
77.257027	0.321266	1451
77.25174	3.293696	1452
77.08429	6.205213	1453
76.819542	9.17833	1454
76.462677	12.107217	1455
76.000885	15.007014	1456
75.400497	17.86128	1457
74.727425	20.72578	1458
73.886871	23.594532	1459
72.994987	26.403572	1460
71.955833	29.248335	1461
70.80909	32.023586	1462
69.605835	34.7374	1463
68.164322	37.536034	1464
66.677338	40.184196	1465
65.057076	42.831924	1466
63.297909	45.482735	1467
61.454548	48.076344	1468
59.473255	50.557327	1469
57.397915	52.988541	1470
55.232384	55.265446	1471
52.936226	57.560211	1472
50.60511	59.663223	1473
48.177708	61.738541	1474
45.665638	63.671711	1475
43.125633	65.447197	1476
40.549469	67.12851	1477
37.900715	68.696304	1478
35.255478	70.136902	1479
32.569538	71.476685	1480
29.739017	72.728577	1481
26.926067	73.845909	1482
24.041542	74.875175	1483
21.120739	75.808426	1484
18.156441	76.595284	1485
15.135396	77.282692	1486
12.17256	77.815018	1487
9.213285	78.235619	1488
6.185046	78.575241	1489
3.183107	78.777763	1490
0.102903	78.858925	1491
-2.966169	78.836113	1492
-6.037664	78.659279	1493
-9.16317	78.392632	1494
-12.179031	77.975845	1495
-15.27116	77.465164	1496
-18.264414	76.845207	1497
-21.269403	76.05777	1498
-24.290447	75.137085	1499
-27.275751	74.126137	1500
-30.184364	72.986618	1501
-33.044533	71.738388	1502
-35.909241	70.352089	1503
-38.718548	68.805397	1504
-41.416492	67.257813	1505
-44.051655	65.550186	1506
-46.635788	63.699848	1507
-49.093636	61.842964	1508
-51.502468	59.8521	1509
-53.801186	57.752586	1510
-55.999008	55.60463	1511
-58.096233	53.349064	1512
-60.173546	51.004364	1513
-62.078793	48.648647	1514
-63.89756	46.230148	1515
-65.610809	43.723057	1516
-67.217567	41.114422	1517
-68.763756	38.511997	1518
-70.156128	35.807465	1519
-71.485039	33.017155	1520
-72.680267	30.292206	1521
-73.789467	27.416763	1522
-74.798546	24.440712	1523
-75.651794	21.495316	1524
-76.442993	18.410683	1525
-77.067001	15.400662	1526
-77.595856	12.392963	1527
-77.997833	9.299138	1528
-78.290047	6.187017	1529
-78.43824	3.128453	1530
-78.473602	-0.042095	1531
-78.400467	-3.079773	1532
-78.171829	-6.15894	1533
-77.836754	-9.26781	1534
-77.403854	-12.294568	1535
-76.860832	-15.341174	1536
-76.139442	-18.302965	1537
-75.317879	-21.269104	1538
-74.458282	-24.22146	1539
-73.444885	-27.019667	1540
-72.287933	-29.845581	1541
-71.026787	-32.677082	1542
-69.719513	-35.344803	1543
-68.229324	-38.046112	1544
-66.634598	-40.73011	1545
-64.95298	-43.304226	1546
-63.140232	-45.848671	1547
-61.254669	-48.314293	1548
-59.260532	-50.688076	1549
-57.18383	-53.00346	1550
-55.055603	-55.184296	1551
-52.80125	-57.267506	1552
-50.448002	-59.376175	1553
-48.084122	-61.236336	1554
-45.626698	-63.059971	1555
-43.078674	-64.777878	1556
-40.505108	-66.375893	1557
-37.778385	-67.960953	1558
-35.057293	-69.332405	1559
-32.300034	-70.658615	1560
-29.519205	-71.852295	1561
-26.768169	-72.884743	1562
-23.92935	-73.820358	1563
-21.009077	-74.670319	1564
-18.149553	-75.405319	1565
-15.183155	-76.031898	1566
-12.246106	-76.523834	1567
-9.335069	-76.904999	1568
-6.350943	-77.195496	1569
-3.417126	-77.355698	1570
-0.362123	-77.38633	1571
2.641285	-77.332703	1572
5.626841	-77.160538	1573
8.682058	-76.848183	1574
11.617674	-76.45575	1575
14.558213	-75.886841	1576
17.609123	-75.240639	1577
20.484949	-74.439804	1578
23.363007	-73.582207	1579
26.239948	-72.593246	1580
29.069012	-71.486015	1581
31.867981	-70.235756	1582
34.595699	-68.92569	1583
37.26083	-67.497581	1584
39.880749	-65.96347	1585
42.413704	-64.344452	1586
44.939014	-62.582447	1587
47.341663	-60.785805	1588
49.711834	-58.851593	1589
51.989101	-56.810738	1590
54.16013	-54.757004	1591
56.244045	-52.573132	1592
58.279758	-50.318085	1593
60.201313	-47.996445	1594
62.064518	-45.574913	1595
63.790409	-43.108234	1596
65.43998	-40.553982	1597
67.004448	-37.952396	1598
68.448372	-35.265453	1599
69.808372	-32.529156	1600
71.056747	-29.740601	1601
72.197693	-26.885925	1602
73.251701	-23.931561	1603
74.149643	-21.006031	1604
74.957962	-17.998123	1605
75.655228	-14.969609	1606
76.193916	-12.039216	1607
76.631248	-9.050761	1608
76.976883	-6.020205	1609
77.185944	-3.038353	1610
77.256706	-0.032557	1611
77.256081	2.971194	1612
77.102043	6.01928	1613
76.838814	9.064241	1614
76.465889	12.042379	1615
76.006317	15.046842	1616
75.377327	17.966135	1617
74.680374	20.889603	1618
73.800453	23.918032	1619
72.851303	26.786774	1620
71.780655	29.66256	1621
70.594452	32.568085	1622
69.277214	35.341457	1623
67.899696	38.077171	1624
66.382416	40.713257	1625
64.797913	43.265457	1626
63.080769	45.830063	1627
61.30159	48.29932	1628
59.37896	50.663174	1629
57.382702	53.011395	1630
55.271111	55.222301	1631
53.039783	57.450848	1632
50.758411	59.535294	1633
48.372978	61.52412	1634
45.919849	63.493279	1635
43.418667	65.213104	1636
40.832954	66.937073	1637
38.106686	68.589577	1638
35.41116	70.05661	1639
32.646301	71.444679	1640
29.807749	72.700661	1641
27.003824	73.822075	1642
24.083321	74.86573	1643
21.151451	75.800652	1644
18.198364	76.581985	1645
15.163705	77.270981	1646
12.139013	77.821449	1647
9.105472	78.23967	1648
5.941877	78.569763	1649
2.858509	78.792969	1650
-0.386738	78.872673	1651
-3.524037	78.809853	1652
-6.649948	78.607491	1653
-9.808012	78.311813	1654
-12.819215	77.875145	1655
-15.883444	77.345444	1656
-18.917852	76.665916	1657
-21.880304	75.881287	1658
-24.852848	74.962013	1659
-27.708483	73.950523	1660
-30.553085	72.832848	1661
-33.401962	71.615028	1662
-36.089546	70.260193	1663
-38.750301	68.791702	1664
-41.360641	67.291527	1665
-43.951389	65.623436	1666
-46.512848	63.776627	1667
-48.953358	61.949352	1668
-51.304707	59.996037	1669
-53.647766	57.898056	1670
-55.872578	55.709141	1671
-57.998688	53.492104	1672
-60.022587	51.097504	1673
-62.02581	48.711803	1674
-63.883911	46.246292	1675
-65.627258	43.693394	1676
-67.260284	41.047058	1677
-68.865318	38.327011	1678
-70.260971	35.590469	1679
-71.604462	32.795944	1680
-72.8246	29.933041	1681
-73.926033	27.022911	1682
-74.92569	24.070448	1683
-75.769089	21.130424	1684
-76.537994	18.126053	1685
-77.159286	15.027978	1686
-77.669792	11.950006	1687
-78.071152	8.885212	1688
-78.318565	5.753579	1689
-78.443459	2.696359	1690
-78.496147	-0.350819	1691
-78.382103	-3.356697	1692
-78.155067	-6.355036	1693
-77.829559	-9.342224	1694
-77.40451	-12.295543	1695
-76.870956	-15.323545	1696
-76.160065	-18.238398	1697
-75.374283	-21.167023	1698
-74.479439	-24.165417	1699
-73.46946	-26.969496	1700
-72.309952	-29.796551	1701
-71.036301	-32.657494	1702
-69.709366	-35.369087	1703
-68.200844	-38.108101	1704
-66.604637	-40.780293	1705
-64.932953	-43.339081	1706
-63.130524	-45.869522	1707
-61.245144	-48.329365	1708
-59.252964	-50.696056	1709
-57.162041	-53.028492	1710
-55.026161	-55.219406	1711
-52.753811	-57.332233	1712
-50.385841	-59.392456	1713
-48.024021	-61.283607	1714
-45.597157	-63.077541	1715
-43.093914	-64.769707	1716
-40.566216	-66.347549	1717
-37.862373	-67.912292	1718
-35.275925	-69.229927	1719
-32.575283	-70.530991	1720
-29.792248	-71.714249	1721
-27.040747	-72.764565	1722
-24.218142	-73.711403	1723
-21.341913	-74.597511	1724
-18.440319	-75.320175	1725
-15.450408	-76.002151	1726
-12.468268	-76.493759	1727
-9.432052	-76.901802	1728
-6.345425	-77.197639	1729
-3.29344	-77.368858	1730
-0.160092	-77.37516	1731
2.84645	-77.32682	1732
5.958429	-77.135895	1733
9.043829	-76.802971	1734
12.103727	-76.347443	1735
15.145198	-75.776054	1736
18.277721	-75.093216	1737
21.182283	-74.245148	1738
24.151136	-73.327309	1739
27.10187	-72.258606	1740
29.921856	-71.108574	1741
32.695858	-69.870499	1742
35.391785	-68.52063	1743
37.991657	-67.093002	1744
40.554398	-65.547997	1745
42.991383	-63.940884	1746
45.402149	-62.288902	1747
47.716965	-60.494083	1748
49.959797	-58.627289	1749
52.200848	-56.637234	1750
54.283047	-54.624878	1751
56.350658	-52.453533	1752
58.413109	-50.178501	1753
60.317951	-47.859077	1754
62.164982	-45.433426	1755
63.885719	-42.966751	1756
65.510216	-40.464142	1757
67.067635	-37.821041	1758
68.510651	-35.174377	1759
69.845917	-32.438763	1760
71.072197	-29.68524	1761
72.193802	-26.90139	1762
73.228409	-24.027872	1763
74.093605	-21.192123	1764
74.90284	-18.283121	1765
75.57251	-15.299694	1766
76.156548	-12.351409	1767
76.603081	-9.325121	1768
76.930756	-6.293907	1769
77.183189	-3.330648	1770
77.24971	-0.281613	1771
77.265221	2.722612	1772
77.11496	5.675027	1773
76.870537	8.72084	1774
76.502678	11.787194	1775
76.010582	14.938546	1776
75.36982	18.00326	1777
74.63385	21.115019	1778
73.721107	24.175869	1779
72.72963	27.16082	1780
71.60775	30.177885	1781
70.298019	33.167667	1782
68.931961	36.048161	1783
67.432877	38.838139	1784
65.843277	41.569237	1785
64.198654	44.152252	1786
62.432919	46.70845	1787
60.562172	49.234478	1788
58.57399	51.599739	1789
56.554867	53.934715	1790
54.376881	56.164108	1791
52.183247	58.261154	1792
49.945927	60.226398	1793
47.675106	62.087364	1794
45.320503	63.8936	1795
42.925301	65.602127	1796
40.427769	67.19799	1797
37.903366	68.689629	1798
35.368862	70.079529	1799
32.736919	71.38813	1800
30.082771	72.591019	1801
27.400824	73.67691	1802
24.590284	74.703583	1803
21.69239	75.624039	1804
18.671576	76.44561	1805
15.635915	77.174088	1806
12.517787	77.766037	1807
9.33758	78.222305	1808
6.15037	78.575172	1809
2.958089	78.794075	1810
-0.372294	78.871635	1811
-3.554435	78.808914	1812
-6.704518	78.60144	1813
-9.952872	78.265533	1814
-12.970397	77.844414	1815
-16.109333	77.293274	1816
-19.088043	76.570419	1817
-22.106962	75.830147	1818
-24.991028	74.910492	1819
-27.797037	73.918427	1820
-30.618277	72.798347	1821
-33.432838	71.51368	1822
-36.125195	70.241447	1823
-38.777309	68.780197	1824
-41.386841	67.268898	1825
-43.966675	65.611237	1826
-46.532658	63.766018	1827
-48.975697	61.933033	1828
-51.370293	59.942844	1829
-53.711361	57.841732	1830
-55.945339	55.648094	1831
-58.080986	53.361992	1832
-60.203388	50.96999	1833
-62.153088	48.566914	1834
-64.059273	46.002403	1835
-65.824516	43.364517	1836
-67.47126	40.756947	1837
-69.029785	37.971813	1838
-70.479607	35.164566	1839
-71.809113	32.35825	1840
-72.993958	29.464699	1841
-74.071411	26.567719	1842
-75.047333	23.669029	1843
-75.875664	20.759144	1844
-76.583771	17.80456	1845
-77.204735	14.767542	1846
-77.698578	11.820265	1847
-78.078201	8.811132	1848
-78.314491	5.713631	1849
-78.441757	2.698994	1850
-78.490257	-0.311544	1851
-78.38324	-3.287078	1852
-78.156105	-6.298298	1853
-77.829956	-9.316484	1854
-77.39679	-12.325895	1855
-76.845375	-15.397195	1856
-76.114906	-18.406809	1857
-75.277481	-21.435114	1858
-74.393066	-24.377237	1859
-73.309303	-27.27256	1860
-72.140259	-30.193024	1861
-70.857277	-33.020462	1862
-69.503876	-35.738743	1863
-68.016296	-38.447861	1864
-66.388405	-41.109367	1865
-64.729683	-43.63829	1866
-62.96526	-46.168633	1867
-61.03854	-48.592373	1868
-59.054836	-50.917706	1869
-56.973774	-53.197807	1870
-54.804691	-55.398239	1871
-52.55212	-57.513447	1872
-50.18499	-59.535641	1873
-47.750813	-61.462975	1874
-45.279572	-63.245182	1875
-42.744598	-65.001038	1876
-40.125607	-66.615234	1877
-37.441833	-68.113884	1878
-34.754597	-69.523415	1879
-31.967882	-70.8125	1880
-29.221703	-71.949638	1881
-26.486393	-72.987106	1882
-23.668636	-73.914673	1883
-20.753681	-74.730156	1884
-17.877188	-75.470772	1885
-14.94936	-76.066116	1886
-11.998511	-76.535316	1887
-9.120296	-76.913795	1888
-6.139176	-77.205605	1889
-3.159044	-77.368179	1890
-0.14995	-77.374352	1891
2.771896	-77.33007	1892
5.791987	-77.139259	1893
8.87906	-76.837608	1894
11.810708	-76.387764	1895
14.85408	-75.823952	1896
17.885744	-75.150848	1897
20.851961	-74.353615	1898
23.794897	-73.446434	1899
26.710114	-72.413368	1900
29.515562	-71.292686	1901
32.335842	-70.063263	1902
35.015472	-68.714745	1903
37.678963	-67.304184	1904
40.308079	-65.685272	1905
42.826912	-64.074371	1906
45.326168	-62.348129	1907
47.66914	-60.521698	1908
49.976349	-58.610054	1909
52.307972	-56.592438	1910
54.425625	-54.462158	1911
56.536072	-52.259102	1912
58.558907	-49.986725	1913
60.433594	-47.692383	1914
62.250969	-45.289398	1915
64.035194	-42.793953	1916
65.628769	-40.283379	1917
67.178055	-37.597034	1918
68.637093	-34.939854	1919
69.980049	-32.192997	1920
71.195412	-29.38936	1921
72.300507	-26.55751	1922
73.320229	-23.672642	1923
74.222549	-20.787327	1924
74.996826	-17.850735	1925
75.69207	-14.844014	1926
76.224426	-11.886983	1927
76.664719	-8.852268	1928
76.985901	-5.796753	1929
77.189644	-2.781149	1930
77.268715	0.300885	1931
77.245575	3.36543	1932
77.07885	6.343289	1933
76.80188	9.438744	1934
76.415833	12.466756	1935
75.902473	15.514111	1936
75.251953	18.542994	1937
74.533478	21.508455	1938
73.638054	24.479755	1939
72.669579	27.364819	1940
71.584732	30.244854	1941
70.330162	33.082489	1942
69.017265	35.8428	1943
67.597343	38.571213	1944
66.098091	41.263329	1945
64.475052	43.820126	1946
62.684597	46.353729	1947
60.838879	48.820309	1948
58.946953	51.214291	1949
56.868683	53.533047	1950
54.809059	55.72942	1951
52.722519	57.782459	1952
50.482777	59.818108	1953
48.189793	61.729267	1954
45.766853	63.582287	1955
43.329861	65.310097	1956
40.826862	66.942528	1957
38.20713	68.54216	1958
35.616917	69.93203	1959
32.807327	71.359749	1960
29.968691	72.639999	1961
27.089216	73.796043	1962
24.116457	74.859962	1963
21.11248	75.80722	1964
17.989817	76.636093	1965
14.840488	77.344543	1966
11.645591	77.871674	1967
8.536015	78.330338	1968
5.378105	78.646851	1969
2.282419	78.821678	1970
-0.876383	78.872673	1971
-3.954752	78.789841	1972
-7.0748	78.593628	1973
-10.153798	78.244019	1974
-13.20913	77.829834	1975
-16.230848	77.270195	1976
-19.30381	76.568336	1977
-22.244301	75.78817	1978
-25.139997	74.870316	1979
-28.091602	73.826889	1980
-30.892145	72.700172	1981
-33.676624	71.413292	1982
-36.396931	70.094582	1983
-39.039635	68.637733	1984
-41.694584	67.06311	1985
-44.232521	65.366592	1986
-46.77282	63.600323	1987
-49.196445	61.75444	1988
-51.573017	59.72686	1989
-53.818039	57.731106	1990
-55.999653	55.606491	1991
-58.094479	53.34322	1992
-60.207386	50.968262	1993
-62.146698	48.573265	1994
-64.053802	46.005192	1995
-65.815247	43.370754	1996
-67.476204	40.743172	1997
-69.041924	37.947601	1998
-70.500191	35.126907	1999
-71.806419	32.263836	2000
-73.004303	29.423862	2001
-74.079201	26.532833	2002
-75.060867	23.600557	2003
-75.894539	20.609818	2004
-76.600609	17.662416	2005
-77.226234	14.656903	2006
-77.722214	11.687778	2007
-78.086823	8.666105	2008
-78.326149	5.56565	2009
-78.446259	2.606371	2010
-78.49292	-0.43091	2011
-78.375916	-3.529841	2012
-78.140099	-6.524299	2013
-77.792145	-9.606451	2014
-77.348282	-12.647137	2015
-76.769005	-15.605297	2016
-76.064713	-18.612488	2017
-75.239113	-21.591421	2018
-74.292206	-24.539518	2019
-73.225922	-27.501768	2020
-72.072311	-30.339521	2021
-70.770386	-33.190498	2022
-69.40255	-35.93071	2023
-67.933281	-38.615917	2024
-66.303009	-41.266895	2025
-64.637886	-43.785961	2026
-62.830276	-46.275276	2027
-60.892952	-48.751354	2028
-58.947578	-51.07486	2029
-56.816818	-53.342609	2030
-54.689987	-55.507484	2031
-52.519855	-57.536045	2032
-50.213345	-59.513432	2033
-47.863773	-61.38736	2034
-45.428719	-63.172874	2035
-42.913486	-64.925476	2036
-40.350533	-66.461357	2037
-37.747742	-67.970016	2038
-35.104465	-69.308731	2039
-32.406952	-70.610954	2040
-29.605938	-71.81842	2041
-26.826097	-72.853943	2042
-23.931274	-73.81842	2043
-20.972855	-74.678612	2044
-18.04829	-75.434036	2045
-15.032458	-76.052811	2046
-11.992382	-76.533188	2047
-8.961497	-76.930298	2048
-5.821184	-77.217987	2049
-2.762483	-77.373817	2050
0.300023	-77.371445	2051
3.410151	-77.333572	2052
6.448263	-77.087936	2053
9.527314	-76.759399	2054
12.482688	-76.26889	2055
15.494112	-75.684975	2056
18.46369	-75.003448	2057
21.360102	-74.203194	2058
24.257895	-73.284401	2059
		
		
		
		
		
		
		
		
		
		
		
		
		
		
		
		
		
		
		
		
		
		
		
		
		
		
		
		
		
		
		
		
		
		
		
		
		
		
		
		
		
		
		
		
		
		
		
		
		
		
		
		
		
		
		
		
		
		
		
		
		
		
		
		
		
		
		
		
		
		
		
		
		
		
		
		
		
		
		
		
		
		
		
		
		
		
		
		
		
		
		
		
		
		
		
		
		
		
		
		
		
		
		
		
		
		
		
		
		
		
		
		
		
		
		
		
		
		
		
		
		
		
		
		
		
		
		
		
		
		
		
		
		
		
		
		
		
		
		
		
		
		
		
		
		
		
		
		
		
		
		
		
		
		
		
		
		
		
		
		
		
		
		
		
		
		
		
		
		
		
		
		
		
		
		
		
		
		
		
		
		
		
		
		
		
		
		
		
		
		
		
		
		
		
		
		
		
		
		
		
		
		
		
		
		
		
		
		
		
		
		
		
		
		
		
		
		
		
		
		
		
		
		
		
		
		
		
		
		
		
		
		
		
		
		
		
		
		
		
		
		
		
		
		
		
		
		
		
		
		
		
		
		
		
		
		
		
		
		
		
		
		
		
		
		
		
		
		
		
		
		
		
		
		
		
		
		
		
		
		
		
		
		
		
		
		
		
		
		
		
		
		
		
		
		
		
		
		
		
		
		
		
		
		
		
		
		
		
		
		
		
		
		
		
		
		
		
		
		
		
		
		
		
		
		
		
		
		
		
		
		
		
		
		
		
		
		
		
		
		
		
		
		
		
		
		
		
		
		
		
		
		
		
		
		
		
		
		
		
		
		
		
		
		
		
		
		
		
		
		
		
		
		
		
		
		
		
		
		
		
		
		
		
		
		
		
		
		
		
		
		
		
		
		
		
		
		
		
		
		
		
		
		
		
		
		
		
		
		
		
		
		
		
		
		
		
		
		
		
		
		
		
		
		
		
		
		
		
		
		
		
		
		
		
		
		
		
		
		
		
		
		
		
		
		
		
		
		
		
		
		
		
		
		
		
		
		
		
		
		
		
		
		
		
		
		
		
		
		
		
		
		
		
		
		
		
		
		
		
		
		
		
		
		
		
		
		
		
		
		
		
		
		
		
		
		
		
		
		
		
		
		
		
		
		
		
		
		
		
		
		
		
		
		
		
		
		
		
		
		
		
		
		
		
		
		
		
		
		
		
		
		
		
		
		
		
		
		
		
		
		
		
		
		
		
		
		
		
		
		
		
		
		
		
		
		
		
		
		
		
		
		
		
		
		
		
		
		
		
		
		
		
		
		
		
		
		
		
		
		
		
		
		
		
		
		
		
		
		
		
		
		
		
		
		
		
		
		
		
		
		
		
		
		
		
		
		
		
		
		
		
		
		
		
		
		
		
		
		
		
		
		
		
		
		
		
		
		
		
		
		
		
		
		
		
		
		
		
		
		
		
		
		
		
		
		
		
		
		
		
		
		
		
		
		
		
		
		
		
		
		
		
		
		
		
		
		
		
		
		
		
		
		
		
		
		
		
		
		
		
		
		
		
		
		
		
		
		
		
		
		
		
		
		
		
		
		
		
		
		
		
		
		
		
		
		
		
		
		
		
		
		
		
		
		
		
		
		
		
		
		
		
		
		
		
		
		
		
		
		
		
		
		
		
		
		
		
		
		
		
		
		
		
		
		
		
		
		
		
		
		
		
		
		
		
		
		
		
		
		
		
		
		
		
		
		
		
		
		
		
		
		
		
		
		
		
		
		
		
		
		
		
		
		
		
		
		
		
		
		
		
		
		
		
		
		
		
		
		
		
		
		
		
		
		
		
		
		
		
		
		
		
		
		
		
		
		
		
		
		
		
		
		
		
		
		
		
		
		
		
		
		
		
		
		
		
		
		
		
		
		
		
		
		
		
		
		
		
		
		
		
		
		
		
		
		
		
		
		
		
		
		
		
		
		
		
		
		
		
		
		
		
		
		
		
		
		
		
		
		
		
		
		
		
		
		
		
		
		
		
		
		
		
		
		
		
		
		
		
		
		
		
		
		
		
		
		
		
		
		
		
		
		
		
		
		
		
		
		
		
		
		
		
		
		
		
		
		
		
		
		
		
		
		
		
		
		
		
		
		
		
		
		
		
		
		
		
		
		
		
		
		
		
		
		
		
		
		
		
		
		
		
		
		
		
		
		
		
		
		
		
		
		
		
		
		
		
		
		
		
		
		
		
		
		
		
		
		
		
		
		
		
		
		
		
		
		
		
		
		
		
		
		
		
		
		
		
		
		
		
		
		
		
		
		
		
		
		
		
		
		
		
		
		
		
		
		
		
		
		
		
		
		
		
		
		
		
		
		
		
		
		
		
		
		
		
		
		
		
		
		
		
		
		
		
		
		
		
		
		
		
		
		
		
		
		
		
		
		
		
		
		
		
		
		
		
		
		
		
		
		
		
		
		
		
		
		
		
		
		
		
		
		
		
		
		
		
		
		
		
		
		
		
		
		
		
		
		
		
		
		
		
		
		
		
		
		
		
		
		
		
		
		
		
		
		
		
		
		
		
		
		
		
		
		
		
		
		
		
		
		
		
		
		
		
		
		
		
		
		
		
		
		
		
		
		
		
		
		
		
		
		
		
		
		
		
		
		
		
		
		
		
		
		
		
		
		
		
		
		
		
		
		
		
		
		
		
		
		
		
		
		
		
		
		
		
		
		
		
		
		
		
		
		
		
		
		
		
		
		
		
		
		
		
		
		
		
		
		
		
		
		
		
		
		
		
		
		
		
		
		
		
		
		
		
		
		
		
		
		
		
		
		
		
		
		
		
		
		
		
		
		
		
		
		
		
		
		
		
		
		
		
		
		
		
		
		
		
		
		
		
		
		
		
		
		
		
		
		
		
		
		
		
		
		
		
		
		
		
		
		
		
		
		
		
		
		
		
		
		
		
		
		
		
		
		
		
		
		
		
		
		
		
		
		
		
		
		
		
		
		
		
		
		
		
		
		
		
		
		
		
		
		
		
		
		
		
		
		
		
		
		
		
		
		
		
		
		
		
		
		
		
		
		
		
		
		
		
		
		
		
		
		
		
		
		
		
		
		
		
		
		
		
		
		
		
		
		
		
		
		
		
		
		
		
		
		
		
		
		
		
		
		
		
		
		
		
		
		
		
		
		
		
		
		
		
		
		
		
		
		
		
		
		
		
		
		
		
		
		
		
		
		
		
		
		
		
		
		
		
		
		
		
		
		
		
		
		
		
		
		
		
		
		
		
		
		
		
		
		
		
		
		
		
		
		
		
		
		
		
		
		
		
		
		
		
		
		
		
		
		
		
		
		
		
		
		
		
		
		
		
		
		
		
		
		
		
		
		
		
		
		
		
		
		
		
		
		
		
		
		
		
		
		
		
		
		
		
		
		
		
		
		
		
		
		
		
		
		
		
		
		
		
		
		
		
		
		
		
		
		
		
		
		
		
		
		
		
		
		
		
		
		
		
		
		
		
		
		
		
		
		
		
		
		
		
		
		
		
		
		
		
		
		
		
		
		
		
		
		
		
		
		
		
		
		
		
		
		
		
		
		
		
		
		
		
		
		
		
		
		
		
		
		
		
		
		
		
		
		
		
		
		
		
		
		
		
		
		
		
		
		
		
		
		
		
		
		
		
		
		
		
		
		
		
		
		
		
		
		
		
		
		
		
		
		
		
		
		
		
		
		
		
		
		
		
		
		
		
		
		
		
		
		
		
		
		
		
		
		
		
		
		
		
		
		
		
		
		
		
		
		
		
		
		
		
		
		
		
		
		
		
		
		
		
		
		
		
		
		
		
		
		
		
		
		
		
		
		
		
		
		
		
		
		
		
		
		
		
		
		
		
		
		
		
		
		
		
		
		
		
		
		
		
		
		
		
		
		
		
		
		
		
		
		
		
		
		
		
		
		
		
		
		
		
		
		
		
		
		
		
		
		
		
		
		
		
		
		
		
		
		
		
		
		
		
		
		
		
		
		
		
		
		
		
		
		
		
		
		
		
		
		
		
		
		
		
		
		
		
		
		
		
		
		
		
		
		
		
		
		
		
		
		
		
		
		
		
		
		
		
		
		
		
		
		
		
		
		
		
		
		
		
		
		
		
		
		
		
		
		
		
		
		
		
		
		
		
		
		
		
		
		
		
		
		
		
		
		
		
		
		
		
		
		
		
		
		
		
		
		
		
		
		
		
		
		
		
		
		
		
		
		
		
		
		
		
		
		
		
		
		
		
		
		
		
		
		
		
		
		
		
		
		
		
		
		
		
		
		
		
		
		
		
		
		
		
		
		
		
		
		
		
		
		
		
		
		
		
		
		
		
		
		
		
		
		
		
		
		
		
		
		
		
		
		
		
		
		
		
		
		
		
		
		
		
		
		
		
		
		
		
		
		
		
		
		
		
		
		
		
		
		
		
		
		
		
		
		
		
		
		
		
		
		
		
		
		
		
		
		
		
		
		
		
		
		
		
		
		
		
		
		
		
		
		
		
		
		
		
		
		
		
		
		
		
		
		
		
		
		
		
		
		
		
		
		
		
		
		
		
		
		
		
		
		
		
		
		
		
		
		
		
		
		
		
		
		
		
		
		
		
		
		
		
		
		
		
		
		
		
		
		
		
		
		
		
		
		
		
		
		
		
		
		
		
		
		
		
		
		
		
		
		
		
		
		
		
		
		
		
		
		
		
		
		
		
		
		
		
		
		
		
		
		
		
		
		
		
		
		
		
		
		
		
		
		
		
		
		
		
		
		
		
		
		
		
		
		
		
		
		
		
		
		
		
		
		
		
		
		
		
		
		
		
		
		
		
		
		
		
		
		
		
		
		
		
		
		
		
		
		
		
		
		
		
		
		
		
		
		
		
		
		
		
		
		
		
		
		
		
		
		
		
		
		
		
		
		
		
		
		
		
		
		
		
		
		
		
		
		
		
		
		
		
		
		
		
		
		
		
		
		
		
		
		
		
		
		
		
		
		
		
		
		
		
		
		
		
		
		
		
		
		
		
		
		
		
		
		
		
		
		
		
		
		
		
		
		
		
		
		
		
		
		
		
		
		
		
		
		
		
		
		
		
		
		
		
		
		
		
		
		
		
		
		
		
		
		
		
		
		
		
		
		
		
		
		
		
		
		
		
		
		
		
		
		
		
		
		
		
		
		
		
		
		
		
		
		
		
		
		
		
		
		
		
		
		
		
		
		
		
		
		
		
		
		
		
		
		
		
		
		
		
		
		
		
		
		
		
		
		
		
		
		
		
		
		
		
		
		
		
		
		
		
		
		
		
		
		
		
		
		
		
		
		
		
		
		
		
		
		
		
		
		
		
		
		
		
		
		
		
		
		
		
		
		
		
		
		
		
		
		
		
		
		
		
		
		
		
		
		
		
		
		
		
		
		
		
		
		
		
		
		
		
		
		
		
		
		
		
		
		
		
		
		
		
		
		
		
		
		
		
		
		
		
		
		
		
		
		
		
		
		
		
		
		
		
		
		
		
		
		
		
		
		
		
		
		
		
		
		
		
		
		
		
		
		
		
		
		
		
		
		
		
		
		
		
		
		
		
		
		
		
		
		
		
		
		
		
		
		
		
		
		
		
		
		
		
		
		
		
		
		
		
		
		
		
		
		
		
		
		
		
		
		
		
		
		
		
		
		
		
		
		
		
		
		
		
		
		
		
		
		
		
		
		
		
		
		
		
		
		
		
		
		
		
		
		
		
		
		
		
		
		
		
		
		
		
		
		
		
		
		
		
		
		
		
		
		
		
		
		
		
		
		
		
		
		
		
		
		
		
		
		
		
		
		
		
		
		
		
		
		
		
		
		
		
		
		
		
		
		
		
		
		
		
		
		
		
		
		
		
		
		
		
		
		
		
		
		
		
		
		
		
		
		
		
		
		
		
		
		
		
		
		
		
		
		
		
		
		
		
		
		
		
		
		
		
		
		
		
		
		
		
		
		
		
		
		
		
		
		
		
		
		
		
		
		
		
		
		
		
		
		
		
		
		
		
		
		
		
		
		
		
		
		
		
		
		
		
		
		
		
		
		
		
		
		
		
		
		
		
		
		
		
		
		
		
		
		
		
		
		
		
		
		
		
		
		
		
		
		
		
		
		
		
		
		
		
		
		
		
		
		
		
		
		
		
		
		
		
		
		
		
		
		
		
		
		
		
		
		
		
		
		
		
		
		
		
		
		
		
		
		
		
		
		
		
		
		
		
		
		
		
		
		
		
		
		
		
		
		
		
		
		
		
		
		
		
		
		
		
		
		
		
		
		
		
		
		
		
		
		
		
		
		
		
		
		
		
		
		
		
		
		
		
		
		
		
		
		
		
		
		
		
		
		
		
		
		
		
		
		
		
		
		
		
		
		
		
		
		
		
		
		
		
		
		
		
		
		
		
		
		
		
		
		
		
		
		
		
		
		
		
		
		
		
		
		
		
		
		
		
		
		
		
		
		
		
		
		
		
		
		
		
		
		
		
		
		
		
		
		
		
		
		
		
		
		
		
		
		
		
		
		
		
		
		
		
		
		
		
		
		
		
		
		
		
		
		
		
		
		
		
		
		
		
		
		
		
		
		
		
		
		
		
		
		
		
		
		
		
		
		
		
		
		
		
		
		
		
		
		
		
		
		
		
		
		
		
		
		
		
		
		
		
		
		
		
		
		
		
		
		
		
		
		
		
		
		
		
		
		
		
		
		
		
		
		
		
		
		
		
		
		
		
		
		
		
		
		
		
		
		
		
		
		
		
		
		
		
		
		
		
		
		
		
		
		
		
		
		
		
		
		
		
		
		
		
		
		
		
		
		
		
		
		
		
		
		
		
		
		
		
		
		
		
		
		
		
		
		
		
		
		
		
		
		
		
		
		
		
		
		
		
		
		
		
		
		
		
		
		
		
		
		
		
		
		
		
		
		
		
		
		
		
		
		
		
		
		
		
		
		
		
		
		
		
		
		
		
		
		
		
		
		
		
		
		
		
		
		
		
		
		
		
		
		
		
		
		
		
		
		
		
		
		
		
